function p = getBoatShape;

% p = [120 110  80  35 -85 -95 -85  35   80   110
%      0   15   30  40  35  0  -35 -40  -30  -15 ];
% p = (1/(120+95))*p; 

p = [25 25 -25 -25
    -12.5 12.5  12.5 -12.5];

end
